---
images/banner-med.jpg: 2015-06-15 11:58:22.000000000 +02:00
images/banner-large.jpg: 2015-06-15 11:58:22.000000000 +02:00
images/banner-xl2.jpg: 2015-06-15 11:58:22.000000000 +02:00
images/banner-small.jpg: 2015-06-15 11:58:22.000000000 +02:00
images/banner-xl.jpg: 2015-06-15 11:58:22.000000000 +02:00
images/ocilib-header.png: 2015-06-20 19:34:51.000000000 +02:00
images/banner-xl.png: 2015-06-20 19:34:51.000000000 +02:00
